#sxsyr:    0.006955015    0.005429921    0.170859774
#Bound:    0.005429921    0.006955015
#abt  :    0.007096906    0.005243110   72.828843294
#
   0.002095199    0.006780576
   0.002007454    0.006806558
   0.001919097    0.006830467
   0.001830155    0.006852295
   0.001740656    0.006872035
   0.001650627    0.006889683
   0.001560095    0.006905232
   0.001469088    0.006918677
   0.001377634    0.006930015
   0.001285759    0.006939242
   0.001193493    0.006946355
   0.001100864    0.006951352
   0.001007899    0.006954232
   0.000914627    0.006954994
   0.000821077    0.006953637
   0.000727276    0.006950162
   0.000633254    0.006944569
   0.000539039    0.006936862
   0.000444660    0.006927041
   0.000350145    0.006915110
   0.000255524    0.006901073
   0.000160825    0.006884934
   0.000066077    0.006866697
  -0.000028691    0.006846369
  -0.000123451    0.006823955
  -0.000218173    0.006799463
  -0.000312828    0.006772900
  -0.000407388    0.006744273
  -0.000501824    0.006713592
  -0.000596108    0.006680866
  -0.000690209    0.006646105
  -0.000784100    0.006609320
  -0.000877753    0.006570521
  -0.000971138    0.006529721
  -0.001064227    0.006486932
  -0.001156993    0.006442166
  -0.001249405    0.006395439
  -0.001341437    0.006346763
  -0.001433061    0.006296154
  -0.001524248    0.006243627
  -0.001614971    0.006189199
  -0.001705201    0.006132885
  -0.001794913    0.006074703
  -0.001884077    0.006014670
  -0.001972668    0.005952806
  -0.002060658    0.005889128
  -0.002148020    0.005823656
  -0.002234728    0.005756410
  -0.002320755    0.005687411
  -0.002406075    0.005616679
  -0.002490662    0.005544237
  -0.002574491    0.005470105
  -0.002657535    0.005394308
  -0.002739770    0.005316867
  -0.002821170    0.005237807
  -0.002901711    0.005157151
  -0.002981368    0.005074924
  -0.003060117    0.004991151
  -0.003137934    0.004905858
  -0.003214795    0.004819071
  -0.003290676    0.004730816
  -0.003365555    0.004641119
  -0.003439410    0.004550009
  -0.003512216    0.004457513
  -0.003583952    0.004363660
  -0.003654597    0.004268476
  -0.003724129    0.004171993
  -0.003792526    0.004074239
  -0.003859768    0.003975244
  -0.003925834    0.003875038
  -0.003990705    0.003773651
  -0.004054359    0.003671116
  -0.004116779    0.003567461
  -0.004177945    0.003462721
  -0.004237838    0.003356925
  -0.004296440    0.003250107
  -0.004353734    0.003142299
  -0.004409701    0.003033533
  -0.004464325    0.002923844
  -0.004517590    0.002813264
  -0.004569478    0.002701827
  -0.004619974    0.002589567
  -0.004669063    0.002476518
  -0.004716729    0.002362715
  -0.004762959    0.002248192
  -0.004807738    0.002132984
  -0.004851053    0.002017127
  -0.004892890    0.001900655
  -0.004933236    0.001783604
  -0.004972080    0.001666010
  -0.005009409    0.001547908
  -0.005045213    0.001429335
  -0.005079479    0.001310327
  -0.005112198    0.001190919
  -0.005143360    0.001071149
  -0.005172956    0.000951052
  -0.005200975    0.000830665
  -0.005227410    0.000710026
  -0.005252253    0.000589170
  -0.005275496    0.000468135
  -0.005297133    0.000346957
  -0.005317155    0.000225674
  -0.005335558    0.000104322
  -0.005352336   -0.000017062
  -0.005367483   -0.000138441
  -0.005380995   -0.000259778
  -0.005392868   -0.000381035
  -0.005403099   -0.000502177
  -0.005411683   -0.000623165
  -0.005418620   -0.000743964
  -0.005423905   -0.000864536
  -0.005427539   -0.000984844
  -0.005429519   -0.001104853
  -0.005429845   -0.001224525
  -0.005428517   -0.001343824
  -0.005425536   -0.001462714
  -0.005420902   -0.001581158
  -0.005414617   -0.001699121
  -0.005406682   -0.001816566
  -0.005397101   -0.001933457
  -0.005385875   -0.002049760
  -0.005373009   -0.002165438
  -0.005358506   -0.002280457
  -0.005342371   -0.002394781
  -0.005324609   -0.002508376
  -0.005305225   -0.002621206
  -0.005284224   -0.002733239
  -0.005261614   -0.002844438
  -0.005237402   -0.002954771
  -0.005211594   -0.003064204
  -0.005184198   -0.003172704
  -0.005155223   -0.003280237
  -0.005124678   -0.003386771
  -0.005092572   -0.003492273
  -0.005058915   -0.003596712
  -0.005023717   -0.003700055
  -0.004986988   -0.003802271
  -0.004948740   -0.003903328
  -0.004908985   -0.004003197
  -0.004867735   -0.004101846
  -0.004825002   -0.004199246
  -0.004780799   -0.004295367
  -0.004735140   -0.004390179
  -0.004688038   -0.004483654
  -0.004639508   -0.004575764
  -0.004589566   -0.004666479
  -0.004538225   -0.004755773
  -0.004485502   -0.004843618
  -0.004431412   -0.004929988
  -0.004375973   -0.005014856
  -0.004319200   -0.005098197
  -0.004261112   -0.005179985
  -0.004201726   -0.005260194
  -0.004141060   -0.005338802
  -0.004079133   -0.005415783
  -0.004015963   -0.005491115
  -0.003951570   -0.005564773
  -0.003885973   -0.005636737
  -0.003819192   -0.005706984
  -0.003751248   -0.005775492
  -0.003682162   -0.005842241
  -0.003611954   -0.005907211
  -0.003540645   -0.005970381
  -0.003468258   -0.006031732
  -0.003394815   -0.006091247
  -0.003320337   -0.006148905
  -0.003244848   -0.006204691
  -0.003168371   -0.006258587
  -0.003090929   -0.006310576
  -0.003012545   -0.006360643
  -0.002933243   -0.006408772
  -0.002853048   -0.006454950
  -0.002771984   -0.006499161
  -0.002690075   -0.006541392
  -0.002607347   -0.006581631
  -0.002523825   -0.006619865
  -0.002439534   -0.006656082
  -0.002354500   -0.006690272
  -0.002268748   -0.006722424
  -0.002182306   -0.006752529
  -0.002095199   -0.006780576
  -0.002007454   -0.006806558
  -0.001919097   -0.006830467
  -0.001830155   -0.006852295
  -0.001740656   -0.006872035
  -0.001650627   -0.006889683
  -0.001560095   -0.006905232
  -0.001469088   -0.006918677
  -0.001377634   -0.006930015
  -0.001285759   -0.006939242
  -0.001193493   -0.006946355
  -0.001100864   -0.006951352
  -0.001007899   -0.006954232
  -0.000914627   -0.006954994
  -0.000821077   -0.006953637
  -0.000727276   -0.006950162
  -0.000633254   -0.006944569
  -0.000539039   -0.006936862
  -0.000444660   -0.006927041
  -0.000350145   -0.006915110
  -0.000255524   -0.006901073
  -0.000160825   -0.006884934
  -0.000066077   -0.006866697
   0.000028691   -0.006846369
   0.000123451   -0.006823955
   0.000218173   -0.006799463
   0.000312828   -0.006772900
   0.000407388   -0.006744273
   0.000501824   -0.006713592
   0.000596108   -0.006680866
   0.000690209   -0.006646105
   0.000784100   -0.006609320
   0.000877753   -0.006570521
   0.000971138   -0.006529721
   0.001064227   -0.006486932
   0.001156993   -0.006442166
   0.001249405   -0.006395439
   0.001341437   -0.006346763
   0.001433061   -0.006296154
   0.001524248   -0.006243627
   0.001614971   -0.006189199
   0.001705201   -0.006132885
   0.001794913   -0.006074703
   0.001884077   -0.006014670
   0.001972668   -0.005952806
   0.002060658   -0.005889128
   0.002148020   -0.005823656
   0.002234728   -0.005756410
   0.002320755   -0.005687411
   0.002406075   -0.005616679
   0.002490662   -0.005544237
   0.002574491   -0.005470105
   0.002657535   -0.005394308
   0.002739770   -0.005316867
   0.002821170   -0.005237807
   0.002901711   -0.005157151
   0.002981368   -0.005074924
   0.003060117   -0.004991151
   0.003137934   -0.004905858
   0.003214795   -0.004819071
   0.003290676   -0.004730816
   0.003365555   -0.004641119
   0.003439410   -0.004550009
   0.003512216   -0.004457513
   0.003583952   -0.004363660
   0.003654597   -0.004268476
   0.003724129   -0.004171993
   0.003792526   -0.004074239
   0.003859768   -0.003975244
   0.003925834   -0.003875038
   0.003990705   -0.003773651
   0.004054359   -0.003671116
   0.004116779   -0.003567461
   0.004177945   -0.003462721
   0.004237838   -0.003356925
   0.004296440   -0.003250107
   0.004353734   -0.003142299
   0.004409701   -0.003033533
   0.004464325   -0.002923844
   0.004517590   -0.002813264
   0.004569478   -0.002701827
   0.004619974   -0.002589567
   0.004669063   -0.002476518
   0.004716729   -0.002362715
   0.004762959   -0.002248192
   0.004807738   -0.002132984
   0.004851053   -0.002017127
   0.004892890   -0.001900655
   0.004933236   -0.001783604
   0.004972080   -0.001666010
   0.005009409   -0.001547908
   0.005045213   -0.001429335
   0.005079479   -0.001310327
   0.005112198   -0.001190919
   0.005143360   -0.001071149
   0.005172956   -0.000951052
   0.005200975   -0.000830665
   0.005227410   -0.000710026
   0.005252253   -0.000589170
   0.005275496   -0.000468135
   0.005297133   -0.000346957
   0.005317155   -0.000225674
   0.005335558   -0.000104322
   0.005352336    0.000017062
   0.005367483    0.000138441
   0.005380995    0.000259778
   0.005392868    0.000381035
   0.005403099    0.000502177
   0.005411683    0.000623165
   0.005418620    0.000743964
   0.005423905    0.000864536
   0.005427539    0.000984844
   0.005429519    0.001104853
   0.005429845    0.001224525
   0.005428517    0.001343824
   0.005425536    0.001462714
   0.005420902    0.001581158
   0.005414617    0.001699121
   0.005406682    0.001816566
   0.005397101    0.001933457
   0.005385875    0.002049760
   0.005373009    0.002165438
   0.005358506    0.002280457
   0.005342371    0.002394781
   0.005324609    0.002508376
   0.005305225    0.002621206
   0.005284224    0.002733239
   0.005261614    0.002844438
   0.005237402    0.002954771
   0.005211594    0.003064204
   0.005184198    0.003172704
   0.005155223    0.003280237
   0.005124678    0.003386771
   0.005092572    0.003492273
   0.005058915    0.003596712
   0.005023717    0.003700055
   0.004986988    0.003802271
   0.004948740    0.003903328
   0.004908985    0.004003197
   0.004867735    0.004101846
   0.004825002    0.004199246
   0.004780799    0.004295367
   0.004735140    0.004390179
   0.004688038    0.004483654
   0.004639508    0.004575764
   0.004589566    0.004666479
   0.004538225    0.004755773
   0.004485502    0.004843618
   0.004431412    0.004929988
   0.004375973    0.005014856
   0.004319200    0.005098197
   0.004261112    0.005179985
   0.004201726    0.005260194
   0.004141060    0.005338802
   0.004079133    0.005415783
   0.004015963    0.005491115
   0.003951570    0.005564773
   0.003885973    0.005636737
   0.003819192    0.005706984
   0.003751248    0.005775492
   0.003682162    0.005842241
   0.003611954    0.005907211
   0.003540645    0.005970381
   0.003468258    0.006031732
   0.003394815    0.006091247
   0.003320337    0.006148905
   0.003244848    0.006204691
   0.003168371    0.006258587
   0.003090929    0.006310576
   0.003012545    0.006360643
   0.002933243    0.006408772
   0.002853048    0.006454950
   0.002771984    0.006499161
   0.002690075    0.006541392
   0.002607347    0.006581631
   0.002523825    0.006619865
   0.002439534    0.006656082
   0.002354500    0.006690272
   0.002268748    0.006722424
   0.002182306    0.006752529
